# File generated by CMD 3.7 (http://stev.oapd.inaf.it/cmd) on Wed Sep 18 14:47:08 UTC 2024
# isochrones based on PARSEC release v1.2S +  COLIBRI S_37 + S_35 + PR16
# Basic references: Bressan et al. (2012), MNRAS, 427, 127 + Chen et al. (2014, 2015), MNRAS, 444, 2525 + MNRAS, 452, 1068 + Tang et al. (2014), MNRAS, 445, 4287 + Marigo et al. (2017), ApJ, 835, 77 + Pastorelli al. (2019), MNRAS, 485, 5666 + Pastorelli al. (2020), MNRAS, in press
# Thermal pulse cycles included 
# On RGB, assumed Reimers mass loss with efficiency eta=0.2
# LPV periods and growth rates added cf. Trabucchi et al. (2019)
# but fundamental-mode LPV periods are from Trabucchi et al. (2021)
# Photometric system: SDSS <i>ugriz</i> + 2MASS <i>JHK</i><sub>s</sub>
# Using YBC version of bolometric corrections as in Chen et al. (2019)
# O-rich circumstellar dpmod60alox40 dust from Groenewegen (2006)
# C-rich circumstellar AMCSIC15 dust from Groenewegen (2006)
# IMF: Kroupa (2001, 2002) + Kroupa et al. (2013) canonical two-part-power law IMF corrected for unresolved binaries 
# Kind of output: isochrone tables
# Zini     MH   logAge Mini        int_IMF         Mass   logL    logTe  logg  label   McoreTP C_O  period0  period1  period2  period3  period4  pmode  Mloss  tau1m   X   Y   Xc  Xn  Xo  Cexcess  Z 	 mbolmag  umag    gmag    rmag    imag    zmag    Jmag    Hmag    Ksmag
0.0019443 -0.90000 10.00000 0.0900000036 1.0816895926    0.090 -3.254  3.4369  5.346    1  0.000  0.545     0.00     0.00     0.00     0.00     0.00 -1 -4.96e-17      0.00 7.444e-01 2.537e-01 3.523e-04 9.504e-05 8.620e-04 -1.000 1.959e-03 12.905 22.469 17.845 15.836 13.597 12.460 10.749 10.385 10.229
0.0019443 -0.90000 10.00000 0.0973789096 1.1488308757    0.097 -3.082  3.4610  5.304    1  0.000  0.545     0.00     0.00     0.00     0.00     0.00 -1 -7.44e-17      0.00 7.437e-01 2.544e-01 3.523e-04 9.504e-05 8.620e-04 -1.000 1.959e-03 12.474 20.884 16.708 14.781 12.950 11.998 10.395 9.963 9.793
0.0019443 -0.90000 10.00000 0.1000000015 1.1711064122    0.100 -3.024  3.4692  5.290    1  0.000  0.545     0.00     0.00     0.00     0.00     0.00 -1 -8.53e-17      0.00 7.434e-01 2.546e-01 3.523e-04 9.504e-05 8.620e-04 -1.000 1.959e-03 12.329 20.370 16.338 14.438 12.740 11.846 10.276 9.825 9.650
0.0019443 -0.90000 10.00000 0.1043815613 1.2066984397    0.104 -2.958  3.4771  5.275    1  0.000  0.545     0.00     0.00     0.00     0.00     0.00 -1 -9.89e-17      0.00 7.431e-01 2.550e-01 3.523e-04 9.504e-05 8.620e-04 -1.000 1.959e-03 12.165 19.858 15.963 14.088 12.516 11.677 10.136 9.669 9.489
0.0019443 -0.90000 10.00000 0.1199999973 1.3193154249    0.120 -2.744  3.5028  5.224    1  0.000  0.545     0.00     0.00     0.00     0.00     0.00 -1  -1.6e-16      0.00 7.419e-01 2.562e-01 3.523e-04 9.504e-05 8.620e-04 -1.000 1.959e-03 11.629 18.270 14.804 13.017 11.813 11.136 9.684 9.174 8.981
0.0019443 -0.90000 10.00000 0.1400000006 1.4384526719    0.140 -2.558  3.5213  5.179    1  0.000  0.545     0.00     0.00     0.00     0.00     0.00 -1  -2.4e-16      0.00 7.406e-01 2.575e-01 3.523e-04 9.504e-05 8.621e-04 -1.000 1.959e-03 11.164 17.140 13.949 12.241 11.249 10.675 9.278 8.747 8.549
0.0019443 -0.90000 10.00000 0.1599999964 1.5372931554    0.160 -2.417  3.5331  5.143    1  0.000  0.545     0.00     0.00     0.00     0.00     0.00 -1 -3.23e-16      0.00 7.395e-01 2.586e-01 3.523e-04 9.504e-05 8.621e-04 -1.000 1.959e-03 10.811 16.423 13.382 11.734 10.846 10.326 8.960 8.420 8.220
0.0019443 -0.90000 10.00000 0.2000000179 1.6938791367    0.200 -2.198  3.5481  5.081    1  0.000  0.545     0.00     0.00     0.00     0.00     0.00 -1 -5.13e-16      0.00 7.381e-01 2.600e-01 3.523e-04 9.505e-05 8.621e-04 -1.000 1.959e-03 10.265 15.456 12.587 11.018 10.244 9.786 8.459 7.909 7.707
0.0019443 -0.90000 10.00000 0.2500000000 1.8403257998    0.250 -1.993  3.5598  5.020    1  0.000  0.545     0.00     0.00     0.00     0.00     0.00 -1 -3.86e-16      0.00 7.376e-01 2.604e-01 3.523e-04 9.505e-05 8.621e-04 -1.000 1.959e-03 9.752 14.644 11.895 10.389 9.693 9.280 7.982 7.424 7.221
0.0019443 -0.90000 10.00000 0.3000000417 1.9529140366    0.300 -1.832  3.5687  4.974    1  0.000  0.545     0.00     0.00     0.00     0.00     0.00 -1 -2.27e-16      0.00 7.376e-01 2.604e-01 3.523e-04 9.505e-05 8.621e-04 -1.000 1.959e-03 9.350 14.040 11.370 9.911 9.266 8.886 7.608 7.045 6.840
0.0019443 -0.90000 10.00000 0.3500000238 2.0434175133    0.350 -1.698  3.5761  4.936    1  0.000  0.545     0.00     0.00     0.00     0.00     0.00 -1 -1.45e-15      0.00 7.457e-01 2.523e-01 3.523e-04 9.504e-05 8.620e-04 -1.000 1.959e-03 9.015 13.551 10.941 9.522 8.913 8.555 7.294 6.726 6.522
0.0019443 -0.90000 10.00000 0.4000000060 2.1185024399    0.400 -1.545  3.5873  4.886    1  0.000  0.545     0.00     0.00     0.00     0.00     0.00 -1 -2.05e-15      0.00 7.460e-01 2.520e-01 3.523e-04 9.504e-05 8.620e-04 -1.000 1.959e-03 8.631 12.941 10.421 9.065 8.506 8.181 6.943 6.368 6.169
0.0019443 -0.90000 10.00000 0.4499999881 2.1822809009    0.450 -1.369  3.6035  4.826    1  0.000  0.545     0.00     0.00     0.00     0.00     0.00 -1 -3.09e-15      0.00 7.460e-01 2.520e-01 3.523e-04 9.504e-05 8.620e-04 -1.000 1.959e-03 8.193 12.200 9.800 8.538 8.040 7.754 6.548 5.962 5.778
0.0019443 -0.90000 10.00000 0.5000000000 2.2374541529    0.500 -1.173  3.6284  4.775    1  0.000  0.545     0.00     0.00     0.00     0.00     0.00 -1 -4.89e-15      0.00 7.460e-01 2.520e-01 3.523e-04 9.504e-05 8.620e-04 -1.000 1.959e-03 7.702 11.273 9.042 7.935 7.521 7.286 6.120 5.517 5.370
0.0019443 -0.90000 10.00000 0.5500000715 2.2836583126    0.550 -0.954  3.6617  4.731    1  0.000  0.544     0.00     0.00     0.00     0.00     0.00 -1 -8.11e-15      0.00 7.747e-01 2.235e-01 3.154e-04 8.514e-05 7.725e-04 -1.000 1.763e-03 7.156 10.081 8.139 7.253 6.944 6.776 5.666 5.097 4.990
0.0019443 -0.90000 10.00000 0.6000000238 2.3211213258    0.600 -0.755  3.6918  4.690    1  0.000  0.544     0.00     0.00     0.00     0.00     0.00 -1 -1.29e-14      0.00 7.805e-01 2.177e-01 3.083e-04 8.325e-05 7.556e-04 -1.000 1.724e-03 6.658 8.979 7.374 6.668 6.428 6.309 5.270 4.781 4.693
0.0019443 -0.90000 10.00000 0.6171257496 2.3323592193    0.617 -0.686  3.7028  4.678    1  0.000  0.544     0.00     0.00     0.00     0.00     0.00 -1 -1.51e-14      0.00 7.828e-01 2.155e-01 3.056e-04 8.253e-05 7.491e-04 -1.000 1.666e-03 6.486 8.615 7.127 6.474 6.254 6.150 5.138 4.680 4.597
0.0019443 -0.90000 10.00000 0.6409509778 2.3468504893    0.641 -0.591  3.7179  4.660    1  0.000  0.544     0.00     0.00     0.00     0.00     0.00 -1 -1.88e-14      0.00 7.860e-01 2.123e-01 3.016e-04 8.149e-05 7.398e-04 -1.000 1.667e-03 6.248 8.136 6.800 6.214 6.020 5.936 4.959 4.541 4.466
0.0019443 -0.90000 10.00000 0.6499999762 2.3520353107    0.650 -0.555  3.7235  4.652    1  0.000  0.544     0.00     0.00     0.00     0.00     0.00 -1 -2.04e-14      0.00 7.873e-01 2.111e-01 3.002e-04 8.109e-05 7.362e-04 -1.000 1.667e-03 6.158 7.966 6.681 6.118 5.933 5.856 4.892 4.488 4.415
0.0019443 -0.90000 10.00000 0.6659659743 2.3607894400    0.666 -0.492  3.7326  4.636    1  0.000  0.543     0.00     0.00     0.00     0.00     0.00 -1 -2.38e-14      0.00 7.900e-01 2.084e-01 2.969e-04 8.022e-05 7.285e-04 -1.000 1.667e-03 6.001 7.687 6.480 5.952 5.782 5.716 4.771 4.389 4.320
0.0019443 -0.90000 10.00000 0.6826399565 2.3694308852    0.682 -0.426  3.7417  4.617    1  0.000  0.543     0.00     0.00     0.00     0.00     0.00 -1  -2.8e-14      0.00 7.929e-01 2.054e-01 2.933e-04 7.928e-05 7.200e-04 -1.000 1.660e-03 5.835 7.411 6.276 5.782 5.625 5.570 4.644 4.283 4.218
0.0019443 -0.90000 10.00000 0.6981372833 2.3770383576    0.698 -0.364  3.7499  4.598    1  0.000  0.543     0.00     0.00     0.00     0.00     0.00 -1 -3.26e-14      0.00 7.958e-01 2.026e-01 2.899e-04 7.836e-05 7.119e-04 -1.000 1.660e-03 5.681 7.165 6.089 5.625 5.482 5.437 4.526 4.181 4.121
0.0019443 -0.90000 10.00000 0.7000000477 2.3779267258    0.700 -0.357  3.7509  4.596    1  0.000  0.543     0.00     0.00     0.00     0.00     0.00 -1 -3.32e-14      0.00 7.961e-01 2.022e-01 2.895e-04 7.825e-05 7.109e-04 -1.000 1.663e-03 5.663 7.137 6.067 5.607 5.465 5.421 4.512 4.169 4.109
0.0019443 -0.90000 10.00000 0.7003793716 2.3781069628    0.700 -0.356  3.7511  4.595    1  0.000  0.543     0.00     0.00     0.00     0.00     0.00 -1 -3.33e-14      0.00 7.962e-01 2.021e-01 2.893e-04 7.822e-05 7.107e-04 -1.000 1.663e-03 5.659 7.131 6.063 5.603 5.462 5.418 4.509 4.166 4.107
0.0019443 -0.90000 10.00000 0.7118326426 2.3834451599    0.712 -0.309  3.7570  4.579    1  0.000  0.541     0.00     0.00     0.00     0.00     0.00 -1 -3.75e-14      0.00 7.987e-01 1.997e-01 2.854e-04 7.740e-05 7.034e-04 -1.000 1.572e-03 5.542 6.955 5.924 5.487 5.355 5.318 4.420 4.087 4.032
0.0019443 -0.90000 10.00000 0.7227656841 2.3883598018    0.723 -0.264  3.7624  4.562    1  0.000  0.539     0.00     0.00     0.00     0.00     0.00 -1  -4.2e-14      0.00 8.012e-01 1.972e-01 2.815e-04 7.657e-05 6.962e-04 -1.000 1.567e-03 5.430 6.790 5.792 5.375 5.252 5.222 4.333 4.010 3.958
0.0019443 -0.90000 10.00000 0.7332158089 2.3929001590    0.733 -0.220  3.7674  4.545    1  0.000  0.537     0.00     0.00     0.00     0.00     0.00 -1 -4.71e-14      0.00 8.037e-01 1.947e-01 2.778e-04 7.575e-05 6.891e-04 -1.000 1.537e-03 5.321 6.638 5.667 5.268 5.153 5.129 4.247 3.933 3.885
0.0019443 -0.90000 10.00000 0.7430871129 2.3970544240    0.743 -0.178  3.7720  4.527    1  0.000  0.536     0.00     0.00     0.00     0.00     0.00 -1 -5.25e-14      0.00 8.062e-01 1.923e-01 2.741e-04 7.494e-05 6.821e-04 -1.000 1.536e-03 5.216 6.496 5.547 5.166 5.058 5.039 4.165 3.859 3.813
0.0019443 -0.90000 10.00000 0.7500000000 2.3998889087    0.750 -0.149  3.7751  4.514    1  0.000  0.535     0.00     0.00     0.00     0.00     0.00 -1 -5.68e-14      0.00 8.080e-01 1.905e-01 2.715e-04 7.435e-05 6.770e-04 -1.000 1.475e-03 5.142 6.397 5.464 5.094 4.991 4.975 4.106 3.806 3.761
0.0019443 -0.90000 10.00000 0.7508898973 2.4002494346    0.751 -0.145  3.7754  4.512    1  0.000  0.535     0.00     0.00     0.00     0.00     0.00 -1 -5.75e-14      0.00 8.083e-01 1.902e-01 2.711e-04 7.424e-05 6.760e-04 -1.000 1.468e-03 5.132 6.385 5.453 5.085 4.982 4.967 4.099 3.798 3.754
0.0019443 -0.90000 10.00000 0.7619656324 2.4046556586    0.762 -0.096  3.7794  4.486    1  0.000  0.534     0.00     0.00     0.00     0.00     0.00 -1 -6.57e-14      0.00 8.126e-01 1.859e-01 2.659e-04 7.285e-05 6.635e-04 -1.000 1.467e-03 5.011 6.233 5.319 4.965 4.869 4.859 3.997 3.703 3.662
0.0019443 -0.90000 10.00000 0.7725076675 2.4087148789    0.772 -0.049  3.7831  4.458    1  0.000  0.534     0.00     0.00     0.00     0.00     0.00 -1 -7.51e-14      0.00 8.169e-01 1.815e-01 2.607e-04 7.145e-05 6.509e-04 -1.000 1.518e-03 4.891 6.094 5.188 4.848 4.758 4.752 3.895 3.608 3.569
0.0019443 -0.90000 10.00000 0.7825070024 2.4124491274    0.782 -0.002  3.7863  4.430    1  0.000  0.534     0.00     0.00     0.00     0.00     0.00 -1 -8.59e-14      0.00 8.213e-01 1.772e-01 2.555e-04 7.005e-05 6.383e-04 -1.000 1.454e-03 4.774 5.960 5.061 4.734 4.648 4.646 3.794 3.513 3.476
0.0019443 -0.90000 10.00000 0.7915359139 2.4157279210    0.791  0.042  3.7891  4.403    1  0.000  0.533     0.00     0.00     0.00     0.00     0.00 -1 -9.75e-14      0.00 8.254e-01 1.732e-01 2.505e-04 6.871e-05 6.263e-04 -1.000 1.409e-03 4.665 5.837 4.943 4.626 4.545 4.546 3.699 3.423 3.387
0.0019443 -0.90000 10.00000 0.8000000119 2.4187244405    0.799  0.085  3.7917  4.374    1  0.000  0.533     0.00     0.00     0.00     0.00     0.00 -1 -1.11e-13      0.00 8.295e-01 1.691e-01 2.456e-04 6.739e-05 6.145e-04 -1.000 1.374e-03 4.557 5.718 4.827 4.520 4.443 4.447 3.604 3.332 3.297
0.0019443 -0.90000 10.00000 0.8080173731 2.4214963249    0.807  0.128  3.7939  4.345    1  0.000  0.532     0.00     0.00     0.00     0.00     0.00 -1 -1.26e-13      0.00 8.329e-01 1.657e-01 2.419e-04 6.640e-05 6.057e-04 -1.000 1.373e-03 4.449 5.602 4.713 4.414 4.341 4.347 3.508 3.240 3.207
0.0019443 -0.90000 10.00000 0.8159154654 2.4241658091    0.815  0.172  3.7960  4.313    1  0.000  0.532     0.00     0.00     0.00     0.00     0.00 -1 -1.43e-13      0.00 8.361e-01 1.626e-01 2.386e-04 6.553e-05 5.980e-04 -1.000 1.332e-03 4.340 5.486 4.597 4.306 4.237 4.245 3.409 3.145 3.112
0.0019443 -0.90000 10.00000 0.8231904507 2.4265726397    0.822  0.213  3.7975  4.282    1  0.000  0.532     0.00     0.00     0.00     0.00     0.00 -1 -1.63e-13      0.00 8.387e-01 1.600e-01 2.361e-04 6.487e-05 5.922e-04 -1.000 1.322e-03 4.237 5.378 4.488 4.203 4.137 4.147 3.313 3.053 3.021
0.0019443 -0.90000 10.00000 0.8324316740 2.4295603225    0.831  0.269  3.7990  4.237    1  0.000  0.531     0.00     0.00     0.00     0.00     0.00 -1 -1.93e-13      0.00 8.406e-01 1.580e-01 2.345e-04 6.446e-05 5.887e-04 -1.000 1.357e-03 4.098 5.236 4.344 4.065 4.002 4.014 3.182 2.925 2.894
0.0019443 -0.90000 10.00000 0.8396719098 2.4318483246    0.838  0.315  3.7998  4.198    1  0.000  0.531     0.00     0.00     0.00     0.00     0.00 -1 -2.25e-13      0.00 8.411e-01 1.576e-01 2.345e-04 6.449e-05 5.890e-04 -1.000 1.371e-03 3.983 5.120 4.225 3.950 3.888 3.901 3.071 2.815 2.784
0.0019443 -0.90000 10.00000 0.8398935795 2.4319176595    0.839  0.316  3.7998  4.197    1  0.000  0.531     0.00     0.00     0.00     0.00     0.00 -1 -2.26e-13      0.00 8.411e-01 1.576e-01 2.345e-04 6.449e-05 5.890e-04 -1.000 1.371e-03 3.980 5.117 4.221 3.947 3.885 3.897 3.067 2.812 2.781
0.0019443 -0.90000 10.00000 0.8434005976 2.4330090271    0.842  0.340  3.7998  4.174    1  0.000  0.531     0.00     0.00     0.00     0.00     0.00 -1 -2.44e-13      0.00 8.411e-01 1.576e-01 2.348e-04 6.457e-05 5.898e-04 -1.000 1.371e-03 3.919 5.058 4.160 3.886 3.824 3.837 3.006 2.751 2.720
0.0019443 -0.90000 10.00000 0.8500000238 2.4350346840    0.849  0.389  3.7988  4.125    1  0.000  0.531     0.00     0.00     0.00     0.00     0.00 -1 -2.87e-13      0.00 8.411e-01 1.575e-01 2.353e-04 6.471e-05 5.912e-04 -1.000 1.371e-03 3.797 4.943 4.039 3.763 3.700 3.712 2.880 2.623 2.591
0.0019443 -0.90000 10.00000 0.8504882455 2.4351831054    0.849  0.393  3.7987  4.121    1  0.000  0.531     0.00     0.00     0.00     0.00     0.00 -1  -2.9e-13      0.00 8.410e-01 1.576e-01 2.355e-04 6.476e-05 5.916e-04 -1.000 1.372e-03 3.788 4.935 4.030 3.754 3.691 3.702 2.870 2.614 2.582
0.0019443 -0.90000 10.00000 0.8564413190 2.4369772224    0.855  0.442  3.7962  4.065    1  0.000  0.531     0.00     0.00     0.00     0.00     0.00 -1 -3.46e-13      0.00 8.397e-01 1.590e-01 2.377e-04 6.536e-05 5.972e-04 -1.000 1.385e-03 3.665 4.825 3.912 3.628 3.562 3.571 2.734 2.473 2.440
0.0019443 -0.90000 10.00000 0.8575897813 2.4373200475    0.856  0.452  3.7955  4.052    1  0.000  0.531     0.00     0.00     0.00     0.00     0.00 -1 -3.62e-13      0.00 8.394e-01 1.592e-01 2.381e-04 6.548e-05 5.982e-04 -1.000 1.387e-03 3.639 4.803 3.889 3.602 3.535 3.543 2.706 2.443 2.410
0.0019443 -0.90000 10.00000 0.8586619496 2.4376391467    0.857  0.463  3.7945  4.038    2  0.000  0.531     0.00     0.00     0.00     0.00     0.00 -1 -3.75e-13      0.00 8.392e-01 1.594e-01 2.385e-04 6.559e-05 5.992e-04 -1.000 1.389e-03 3.614 4.783 3.866 3.576 3.507 3.514 2.675 2.411 2.377
0.0019443 -0.90000 10.00000 0.8629933596 2.4389189853    0.861  0.505  3.7889  3.975    2  0.000  0.531     0.00     0.00     0.00     0.00     0.00 -1 -4.42e-13      0.00 8.358e-01 1.627e-01 2.433e-04 6.690e-05 6.111e-04 -1.000 1.428e-03 3.506 4.701 3.773 3.466 3.388 3.389 2.541 2.266 2.230
0.0019443 -0.90000 10.00000 0.8660424352 2.4398110974    0.864  0.538  3.7825  3.919    2  0.000  0.531     0.00     0.00     0.00     0.00     0.00 -1 -5.07e-13      0.00 8.261e-01 1.724e-01 2.562e-04 7.041e-05 6.430e-04 -1.000 1.471e-03 3.426 4.653 3.711 3.383 3.295 3.289 2.430 2.143 2.103
0.0019443 -0.90000 10.00000 0.8682669997 2.4404574262    0.866  0.561  3.7754  3.868    2  0.000  0.532     0.00     0.00     0.00     0.00     0.00 -1 -5.67e-13      0.00 8.109e-01 1.876e-01 2.749e-04 7.546e-05 6.884e-04 -1.000 1.555e-03 3.368 4.637 3.675 3.322 3.223 3.209 2.337 2.037 1.994
0.0019443 -0.90000 10.00000 0.8699774146 2.4409517890    0.868  0.578  3.7675  3.821    2  0.000  0.534     0.00     0.00     0.00     0.00     0.00 -1 -6.23e-13      0.00 7.930e-01 2.054e-01 2.955e-04 8.100e-05 7.380e-04 -1.000 1.671e-03 3.326 4.648 3.659 3.278 3.167 3.143 2.258 1.942 1.895
0.0019443 -0.90000 10.00000 0.8713864684 2.4413573729    0.869  0.591  3.7588  3.773    2  0.000  0.535     0.00     0.00     0.00     0.00     0.00 -1 -6.79e-13      0.00 7.793e-01 2.189e-01 3.105e-04 8.501e-05 7.737e-04 -1.000 1.761e-03 3.291 4.674 3.655 3.244 3.119 3.085 2.184 1.851 1.799
0.0019443 -0.90000 10.00000 0.8726599813 2.4417226469    0.871  0.609  3.7497  3.719    2  0.000  0.536     0.00     0.00     0.00     0.00     0.00 -1 -7.52e-13      0.00 7.702e-01 2.280e-01 3.204e-04 8.764e-05 7.971e-04 -1.000 1.804e-03 3.247 4.701 3.645 3.202 3.063 3.017 2.100 1.748 1.691
0.0019443 -0.90000 10.00000 0.8738086820 2.4420510718    0.872  0.637  3.7416  3.659    2  0.000  0.536     0.00     0.00     0.00     0.00     0.00 -1 -8.58e-13      0.00 7.645e-01 2.337e-01 3.264e-04 8.925e-05 8.114e-04 -1.000 1.830e-03 3.176 4.698 3.607 3.137 2.984 2.929 1.996 1.626 1.565
0.0019443 -0.90000 10.00000 0.8748642206 2.4423519864    0.873  0.677  3.7353  3.595    2  0.000  0.537     0.00     0.00     0.00     0.00     0.00 -1 -1.01e-12      0.00 7.604e-01 2.377e-01 3.304e-04 9.032e-05 8.209e-04 -1.000 1.863e-03 3.077 4.659 3.534 3.043 2.880 2.817 1.870 1.485 1.421
0.0019443 -0.90000 10.00000 0.8754503727 2.4425187273    0.873  0.704  3.7323  3.556    2  0.000  0.537     0.00     0.00     0.00     0.00     0.00 -1 -1.12e-12      0.00 7.584e-01 2.397e-01 3.323e-04 9.080e-05 8.252e-04 -1.000 1.861e-03 3.010 4.622 3.481 2.978 2.811 2.744 1.791 1.398 1.333
0.0019443 -0.90000 10.00000 0.8756993413 2.4425894729    0.874  0.718  3.7313  3.538    2  0.000  0.537     0.00     0.00     0.00     0.00     0.00 -1 -1.19e-12      0.00 7.576e-01 2.405e-01 3.328e-04 9.095e-05 8.266e-04 -1.000 1.865e-03 2.974 4.595 3.449 2.943 2.775 2.706 1.751 1.355 1.290
0.0019443 -0.90000 10.00000 0.8763586879 2.4427766062    0.874  0.758  3.7289  3.489    2  0.000  0.537     0.00     0.00     0.00     0.00     0.00 -1 -1.37e-12      0.00 7.555e-01 2.426e-01 3.342e-04 9.133e-05 8.299e-04 -1.000 1.878e-03 2.874 4.519 3.360 2.847 2.674 2.602 1.641 1.240 1.173
0.0019443 -0.90000 10.00000 0.8769970536 2.4429574765    0.875  0.800  3.7268  3.439    3  0.000  0.537     0.00     0.00     0.00     0.00     0.00 -1  -1.6e-12      0.00 7.535e-01 2.446e-01 3.354e-04 9.167e-05 8.329e-04 -1.000 1.891e-03 2.770 4.439 3.265 2.745 2.569 2.495 1.528 1.121 1.054
0.0019443 -0.90000 10.00000 0.8776138425 2.4431319460    0.875  0.844  3.7249  3.388    3  0.000  0.537     0.00     0.00     0.00     0.00     0.00 -1 -1.87e-12      0.00 7.514e-01 2.467e-01 3.361e-04 9.199e-05 8.353e-04 -1.000 1.906e-03 2.660 4.349 3.164 2.638 2.459 2.382 1.411 0.999 0.931
0.0019443 -0.90000 10.00000 0.8782532215 2.4433125080    0.876  0.893  3.7232  3.332    3  0.000  0.535     0.00     0.00     0.00     0.00     0.00 -1 -2.24e-12      0.00 7.491e-01 2.489e-01 3.362e-04 9.247e-05 8.375e-04 -1.000 1.922e-03 2.537 4.245 3.048 2.516 2.335 2.256 1.281 0.863 0.795
0.0019443 -0.90000 10.00000 0.8787877560 2.4434632298    0.876  0.938  3.7217  3.281    3  0.000  0.532     0.00     0.00     0.00     0.00     0.00 -1 -2.64e-12      0.00 7.471e-01 2.510e-01 3.351e-04 9.344e-05 8.390e-04 -1.000 1.910e-03 2.425 4.148 2.943 2.406 2.222 2.141 1.163 0.741 0.672
0.0019443 -0.90000 10.00000 0.8793297410 2.4436158373    0.877  0.987  3.7201  3.226    3  0.000  0.528     0.00     0.00     0.00     0.00     0.00 -1 -3.14e-12      0.00 7.450e-01 2.531e-01 3.324e-04 9.571e-05 8.404e-04 -1.000 1.891e-03 2.302 4.042 2.827 2.285 2.099 2.016 1.034 0.608 0.539
0.0019443 -0.90000 10.00000 0.8798193932 2.4437535235    0.877  1.035  3.7186  3.172    3  0.000  0.521     0.00     0.00     0.00     0.00     0.00 -1 -3.73e-12      0.00 7.431e-01 2.550e-01 3.285e-04 9.962e-05 8.415e-04 -1.000 1.923e-03 2.182 3.939 2.714 2.167 1.979 1.893 0.907 0.477 0.407
0.0019443 -0.90000 10.00000 0.8802922964 2.4438863328    0.878  1.086  3.7169  3.115    3  0.000  0.513     0.00     0.00     0.00     0.00     0.00 -1 -4.48e-12      0.00 7.414e-01 2.566e-01 3.240e-04 1.046e-04 8.423e-04 -1.000 1.957e-03 2.055 3.833 2.596 2.044 1.852 1.765 0.775 0.339 0.269
0.0019443 -0.90000 10.00000 0.8806943297 2.4439991102    0.878  1.133  3.7153  3.062    3  0.000  0.506     0.00     0.00     0.00     0.00     0.00 -1  -5.3e-12      0.00 7.401e-01 2.580e-01 3.199e-04 1.096e-04 8.430e-04 -1.000 1.958e-03 1.938 3.734 2.488 1.929 1.735 1.645 0.651 0.211 0.140
0.0019443 -0.90000 10.00000 0.8810636997 2.4441026206    0.878  1.180  3.7137  3.009    3  0.000  0.500     0.00     0.00     0.00     0.00     0.00 -1 -6.28e-12      0.00 7.389e-01 2.591e-01 3.162e-04 1.143e-04 8.435e-04 -1.000 1.958e-03 1.821 3.636 2.379 1.815 1.618 1.526 0.527 0.082 0.011
0.0019443 -0.90000 10.00000 0.8814018965 2.4441973076    0.879  1.227  3.7120  2.955    3  0.000  0.495     0.00     0.00     0.00     0.00     0.00 -1 -7.44e-12      0.00 7.379e-01 2.601e-01 3.131e-04 1.182e-04 8.439e-04 -1.000 1.949e-03 1.703 3.541 2.270 1.700 1.500 1.406 0.403 -0.047 -0.119
0.0019443 -0.90000 10.00000 0.8817198277 2.4442862446    0.879  1.275  3.7101  2.900    3  0.000  0.491     0.00     0.00     0.00     0.00     0.00 -1 -8.86e-12      0.00 7.372e-01 2.609e-01 3.108e-04 1.211e-04 8.442e-04 -1.000 1.891e-03 1.583 3.444 2.160 1.583 1.380 1.282 0.275 -0.181 -0.253
0.0019443 -0.90000 10.00000 0.8819879293 2.4443611852    0.879  1.319  3.7084  2.849    3  0.000  0.489     0.00     0.00     0.00     0.00     0.00 -1 -1.04e-11      0.00 7.368e-01 2.614e-01 3.093e-04 1.230e-04 8.444e-04 -1.000 1.873e-03 1.473 3.357 2.059 1.476 1.270 1.170 0.158 -0.303 -0.376
0.0019443 -0.90000 10.00000 0.8822461367 2.4444333106    0.879  1.365  3.7066  2.795    3  0.000  0.487     0.00     0.00     0.00     0.00     0.00 -1 -1.23e-11      0.00 7.364e-01 2.617e-01 3.082e-04 1.244e-04 8.446e-04 -1.000 1.894e-03 1.358 3.267 1.955 1.364 1.155 1.052 0.036 -0.432 -0.505
0.0019443 -0.90000 10.00000 0.8824859262 2.4445002478    0.879  1.412  3.7046  2.741    3  0.000  0.486     0.00     0.00     0.00     0.00     0.00 -1 -1.46e-11      0.00 7.362e-01 2.619e-01 3.077e-04 1.251e-04 8.446e-04 -1.000 1.864e-03 1.241 3.177 1.850 1.252 1.038 0.933 -0.089 -0.562 -0.637
0.0019443 -0.90000 10.00000 0.8827012181 2.4445603109    0.879  1.457  3.7026  2.687    3  0.000  0.485     0.00     0.00     0.00     0.00     0.00 -1 -1.72e-11      0.00 7.361e-01 2.620e-01 3.074e-04 1.255e-04 8.447e-04 -1.000 1.895e-03 1.127 3.090 1.747 1.141 0.925 0.816 -0.211 -0.690 -0.766
0.0019443 -0.90000 10.00000 0.8828991652 2.4446155053    0.879  1.503  3.7006  2.634    3  0.000  0.485     0.00     0.00     0.00     0.00     0.00 -1 -2.04e-11      0.00 7.361e-01 2.620e-01 3.073e-04 1.257e-04 8.447e-04 -1.000 1.896e-03 1.013 3.003 1.646 1.032 0.811 0.699 -0.333 -0.819 -0.895
0.0019443 -0.90000 10.00000 0.8830695152 2.4446629820    0.879  1.545  3.6986  2.583    3  0.000  0.485     0.00     0.00     0.00     0.00     0.00 -1 -2.38e-11      0.00 7.360e-01 2.621e-01 3.072e-04 1.258e-04 8.447e-04 -1.000 1.895e-03 0.907 2.925 1.552 0.930 0.706 0.591 -0.446 -0.939 -1.016
0.0019443 -0.90000 10.00000 0.8832356334 2.4447092589    0.879  1.590  3.6965  2.530    3  0.000  0.485     0.00     0.00     0.00     0.00     0.00 -1  -2.8e-11      0.00 7.360e-01 2.621e-01 3.072e-04 1.259e-04 8.447e-04 -1.000 1.895e-03 0.795 2.843 1.454 0.824 0.595 0.477 -0.566 -1.066 -1.143
0.0019443 -0.90000 10.00000 0.8833829165 2.4447502721    0.879  1.633  3.6944  2.479    3  0.000  0.485     0.00     0.00     0.00     0.00     0.00 -1 -3.28e-11      0.00 7.360e-01 2.621e-01 3.071e-04 1.259e-04 8.447e-04 -1.000 1.895e-03 0.688 2.768 1.360 0.721 0.489 0.368 -0.681 -1.187 -1.266
0.0019443 -0.90000 10.00000 0.8835216761 2.4447888974    0.879  1.676  3.6922  2.426    3  0.000  0.485     0.00     0.00     0.00     0.00     0.00 -1 -3.85e-11      0.00 7.360e-01 2.621e-01 3.071e-04 1.260e-04 8.447e-04 -1.000 1.894e-03 0.579 2.697 1.265 0.616 0.380 0.256 -0.798 -1.311 -1.390
0.0019443 -0.90000 10.00000 0.8836492896 2.4448244077    0.879  1.719  3.6900  2.374    3  0.000  0.485     0.00     0.00     0.00     0.00     0.00 -1 -4.52e-11      0.00 7.360e-01 2.621e-01 3.071e-04 1.260e-04 8.447e-04 -1.000 1.894e-03 0.471 2.628 1.172 0.513 0.273 0.145 -0.914 -1.433 -1.513
0.0019443 -0.90000 10.00000 0.8837640882 2.4448563420    0.879  1.761  3.6878  2.325    3  0.000  0.485     0.00     0.00     0.00     0.00     0.00 -1 -5.26e-11      0.00 7.360e-01 2.621e-01 3.071e-04 1.260e-04 8.448e-04 -1.000 1.894e-03 0.368 2.566 1.086 0.416 0.171 0.040 -1.025 -1.552 -1.633
0.0019443 -0.90000 10.00000 0.8838768005 2.4448876867    0.879  1.802  3.6856  2.274    3  0.000  0.485     0.00     0.00     0.00     0.00     0.00 -1 -6.14e-11      0.00 7.360e-01 2.621e-01 3.070e-04 1.261e-04 8.448e-04 -1.000 1.894e-03 0.264 2.504 0.998 0.317 0.068 -0.066 -1.137 -1.671 -1.754
0.0019443 -0.90000 10.00000 0.8839834929 2.4449173488    0.879  1.838  3.6836  2.230    3  0.000  0.485     0.00     0.00     0.00     0.00     0.00 -1 -7.02e-11      0.00 7.360e-01 2.621e-01 3.070e-04 1.261e-04 8.448e-04 -1.000 1.893e-03 0.174 2.451 0.922 0.232 -0.020 -0.158 -1.235 -1.775 -1.858
0.0019443 -0.90000 10.00000 0.8841195703 2.4449551684    0.878  1.872  3.6819  2.189    3  0.000  0.485     0.00     0.00     0.00     0.00     0.00 -1 -8.02e-11      0.00 7.360e-01 2.621e-01 3.070e-04 1.261e-04 8.448e-04 -1.000 1.893e-03 0.089 2.398 0.850 0.151 -0.105 -0.244 -1.326 -1.872 -1.956
0.0019443 -0.90000 10.00000 0.8842074275 2.4449795792    0.878  1.849  3.6836  2.219    3  0.000  0.485     0.00     0.00     0.00     0.00     0.00 -1 -7.41e-11      0.00 7.360e-01 2.621e-01 3.070e-04 1.262e-04 8.448e-04 -1.000 1.893e-03 0.147 2.425 0.895 0.205 -0.048 -0.185 -1.262 -1.803 -1.886
0.0019443 -0.90000 10.00000 0.8842495084 2.4449912693    0.878  1.833  3.6848  2.239    3  0.000  0.484     0.00     0.00     0.00     0.00     0.00 -1 -6.96e-11      0.00 7.360e-01 2.621e-01 3.069e-04 1.262e-04 8.448e-04 -1.000 1.893e-03 0.187 2.445 0.927 0.242 -0.008 -0.144 -1.218 -1.754 -1.837
0.0019443 -0.90000 10.00000 0.8843240738 2.4450119804    0.878  1.871  3.6827  2.193    3  0.000  0.484     0.00     0.00     0.00     0.00     0.00 -1 -7.92e-11      0.00 7.360e-01 2.621e-01 3.069e-04 1.262e-04 8.448e-04 -1.000 1.893e-03 0.093 2.390 0.849 0.154 -0.101 -0.240 -1.319 -1.863 -1.947
0.0019443 -0.90000 10.00000 0.8844063878 2.4450348390    0.878  1.913  3.6802  2.142    3  0.000  0.484     0.00     0.00     0.00     0.00     0.00 -1 -9.23e-11      0.00 7.360e-01 2.621e-01 3.069e-04 1.262e-04 8.448e-04 -1.000 1.893e-03 -0.012 2.331 0.762 0.055 -0.204 -0.347 -1.433 -1.985 -2.070
0.0019443 -0.90000 10.00000 0.8844858408 2.4450568985    0.878  1.956  3.6777  2.088    3  0.000  0.484     0.00     0.00     0.00     0.00     0.00 -1 -1.08e-10      0.00 7.360e-01 2.622e-01 3.069e-04 1.263e-04 8.448e-04 -1.000 1.893e-03 -0.119 2.273 0.675 -0.045 -0.310 -0.456 -1.549 -2.109 -2.195
0.0019443 -0.90000 10.00000 0.8845584989 2.4450770675    0.877  1.998  3.6752  2.036    3  0.000  0.484     0.00     0.00     0.00     0.00     0.00 -1 -1.27e-10      0.00 7.359e-01 2.622e-01 3.069e-04 1.263e-04 8.448e-04 -1.000 1.892e-03 -0.224 2.219 0.591 -0.142 -0.412 -0.562 -1.662 -2.230 -2.317
0.0019443 -0.90000 10.00000 0.8846272230 2.4450961409    0.877  2.040  3.6726  1.984    3  0.000  0.484     0.00     0.00     0.00     0.00     0.00 -1 -1.48e-10      0.00 7.359e-01 2.622e-01 3.069e-04 1.263e-04 8.448e-04 -1.000 1.892e-03 -0.329 2.170 0.507 -0.241 -0.516 -0.670 -1.777 -2.352 -2.440
0.0019443 -0.90000 10.00000 0.8846892118 2.4451133422    0.877  2.080  3.6701  1.933    3  0.000  0.484     0.00     0.00     0.00     0.00     0.00 -1 -1.73e-10      0.00 7.359e-01 2.622e-01 3.068e-04 1.263e-04 8.448e-04 -1.000 1.892e-03 -0.431 2.137 0.429 -0.340 -0.619 -0.776 -1.889 -2.470 -2.559
0.0019443 -0.90000 10.00000 0.8847468495 2.4451293335    0.876  2.121  3.6675  1.881    3  0.000  0.484     0.00     0.00     0.00     0.00     0.00 -1 -2.02e-10      0.00 7.359e-01 2.622e-01 3.068e-04 1.263e-04 8.448e-04 -1.000 1.892e-03 -0.534 2.108 0.352 -0.437 -0.721 -0.881 -2.001 -2.588 -2.678
0.0019443 -0.90000 10.00000 0.8847996593 2.4451439833    0.876  2.162  3.6649  1.830    3  0.000  0.484     0.00     0.00     0.00     0.00     0.00 -1 -2.35e-10      0.00 7.359e-01 2.622e-01 3.068e-04 1.264e-04 8.448e-04 -1.000 1.892e-03 -0.635 2.083 0.278 -0.533 -0.821 -0.985 -2.111 -2.704 -2.796
0.0019443 -0.90000 10.00000 0.8848486543 2.4451575730    0.876  2.202  3.6623  1.779    3  0.000  0.484     0.00     0.00     0.00     0.00     0.00 -1 -2.73e-10      0.00 7.359e-01 2.622e-01 3.068e-04 1.264e-04 8.448e-04 -1.000 1.892e-03 -0.736 2.060 0.204 -0.628 -0.921 -1.088 -2.222 -2.821 -2.914
0.0019443 -0.90000 10.00000 0.8848931193 2.4451699047    0.875  2.242  3.6596  1.729    3  0.000  0.484     0.00     0.00     0.00     0.00     0.00 -1 -3.17e-10      0.00 7.359e-01 2.622e-01 3.068e-04 1.264e-04 8.448e-04 -1.000 1.892e-03 -0.834 2.041 0.134 -0.720 -1.017 -1.188 -2.329 -2.934 -3.030
0.0019443 -0.90000 10.00000 0.8849350810 2.4451815409    0.875  2.281  3.6570  1.678    3  0.000  0.484     0.00     0.00     0.00     0.00     0.00 -1 -3.69e-10      0.00 7.359e-01 2.622e-01 3.068e-04 1.264e-04 8.448e-04 -1.000 1.892e-03 -0.934 2.025 0.065 -0.811 -1.113 -1.288 -2.438 -3.050 -3.147
0.0019443 -0.90000 10.00000 0.8849733472 2.4451921512    0.874  2.320  3.6543  1.628    3  0.000  0.484     0.00     0.00     0.00     0.00     0.00 -1 -4.27e-10      0.00 7.359e-01 2.622e-01 3.068e-04 1.264e-04 8.449e-04 -1.000 1.892e-03 -1.031 2.013 -0.002 -0.900 -1.207 -1.386 -2.544 -3.163 -3.262
0.0019443 -0.90000 10.00000 0.8850088716 2.4452020003    0.873  2.360  3.6516  1.578    3  0.000  0.484     0.00     0.00     0.00     0.00     0.00 -1 -4.95e-10      0.00 7.359e-01 2.622e-01 3.068e-04 1.264e-04 8.449e-04 -1.000 1.892e-03 -1.129 2.003 -0.068 -0.989 -1.301 -1.484 -2.651 -3.276 -3.377
0.0019443 -0.90000 10.00000 0.8850413561 2.4452110058    0.873  2.398  3.6489  1.529    3  0.000  0.484     0.00     0.00     0.00     0.00     0.00 -1 -5.72e-10      0.00 7.359e-01 2.622e-01 3.068e-04 1.264e-04 8.449e-04 -1.000 1.891e-03 -1.225 1.999 -0.131 -1.075 -1.392 -1.579 -2.755 -3.386 -3.491
0.0019443 -0.90000 10.00000 0.8850785494 2.4452213158    0.872  2.446  3.6455  1.467    3  0.000  0.484     0.00     0.00     0.00     0.00     0.00 -1 -6.87e-10      0.00 7.359e-01 2.622e-01 3.068e-04 1.264e-04 8.449e-04 -1.000 1.891e-03 -1.344 1.995 -0.208 -1.179 -1.504 -1.697 -2.884 -3.525 -3.633
0.0019443 -0.90000 10.00000 0.8851065636 2.4452290806    0.871  2.484  3.6428  1.417    3  0.000  0.484     0.00     0.00     0.00     0.00     0.00 -1 -7.95e-10      0.00 7.359e-01 2.622e-01 3.068e-04 1.265e-04 8.449e-04 -1.000 1.891e-03 -1.440 1.992 -0.269 -1.261 -1.594 -1.792 -2.988 -3.638 -3.749
0.0019443 -0.90000 10.00000 0.8851372600 2.4452375883    0.870  2.530  3.6394  1.357    3  0.000  0.484     9.32     7.06     4.97     3.84     3.11  3 -9.46e-10      0.00 7.359e-01 2.622e-01 3.067e-04 1.265e-04 8.449e-04 -1.000 1.891e-03 -1.555 1.993 -0.339 -1.357 -1.699 -1.904 -3.112 -3.773 -3.887
0.0019443 -0.90000 10.00000 0.8851662874 2.4452456328    0.869  2.577  3.6360  1.296    3  0.000  0.484    10.59     7.88     5.52     4.27     3.46  3 -1.13e-09      0.00 7.359e-01 2.622e-01 3.067e-04 1.265e-04 8.449e-04 -1.000 1.891e-03 -1.671 1.995 -0.410 -1.454 -1.807 -2.019 -3.237 -3.909 -4.027
0.0019443 -0.90000 10.00000 0.8851882815 2.4452517277    0.868  2.614  3.6331  1.247    3  0.000  0.484    11.76     8.62     6.01     4.66     3.78  3 -1.31e-09      0.00 7.359e-01 2.622e-01 3.067e-04 1.265e-04 8.449e-04 -1.000 1.891e-03 -1.766 1.999 -0.466 -1.532 -1.893 -2.111 -3.339 -4.021 -4.141
0.0019443 -0.90000 10.00000 0.8852123022 2.4452583838    0.867  2.659  3.6297  1.188    3  0.000  0.484    13.29     9.58     6.65     5.16     4.19  3 -1.55e-09      0.00 7.359e-01 2.622e-01 3.067e-04 1.265e-04 8.449e-04 -1.000 1.891e-03 -1.877 2.008 -0.530 -1.622 -1.994 -2.219 -3.458 -4.152 -4.275
0.0019443 -0.90000 10.00000 0.8852351308 2.4452647091    0.865  2.704  3.6264  1.128    3  0.000  0.484    15.07    10.67     7.37     5.73     4.65  3 -1.85e-09      0.00 7.359e-01 2.622e-01 3.067e-04 1.265e-04 8.449e-04 -1.000 1.891e-03 -1.991 2.021 -0.594 -1.714 -2.097 -2.329 -3.580 -4.285 -4.413
0.0019443 -0.90000 10.00000 0.8852567673 2.4452707039    0.863  2.751  3.6227  1.066    3  0.000  0.484    17.17    11.93     8.20     6.39     5.18  2 -2.21e-09      0.00 7.359e-01 2.622e-01 3.067e-04 1.265e-04 8.449e-04 -1.000 1.891e-03 -2.107 2.042 -0.657 -1.806 -2.201 -2.441 -3.705 -4.422 -4.554
0.0019443 -0.90000 10.00000 0.8852753043 2.4452758396    0.862  2.794  3.6193  1.009    3  0.000  0.484    19.36    13.23     9.04     7.06     5.73  2 -2.61e-09      0.00 7.359e-01 2.622e-01 3.067e-04 1.265e-04 8.449e-04 -1.000 1.891e-03 -2.214 2.064 -0.713 -1.890 -2.296 -2.544 -3.819 -4.549 -4.685
0.0019443 -0.90000 10.00000 0.8852930069 2.4452807439    0.860  2.838  3.6159  0.950    3  0.000  0.484    21.89    14.69    10.00     7.82     6.34  2 -3.09e-09      0.00 7.359e-01 2.622e-01 3.067e-04 1.265e-04 8.449e-04 -1.000 1.891e-03 -2.324 2.100 -0.764 -1.974 -2.393 -2.649 -3.936 -4.677 -4.818
0.0019443 -0.90000 10.00000 0.8853098154 2.4452854002    0.857  2.882  3.6124  0.891    3  0.000  0.484    24.81    16.36    11.08     8.68     7.04  2 -3.67e-09      0.00 7.359e-01 2.622e-01 3.067e-04 1.265e-04 8.449e-04 -1.000 1.891e-03 -2.436 2.140 -0.814 -2.058 -2.491 -2.756 -4.056 -4.809 -4.954
0.0019443 -0.90000 10.00000 0.8853249550 2.4452895941    0.855  2.926  3.6090  0.832    3  0.000  0.484    28.03    18.16    12.24     9.60     7.80  2 -4.34e-09      0.00 7.359e-01 2.622e-01 3.067e-04 1.265e-04 8.449e-04 -1.000 1.891e-03 -2.544 2.181 -0.861 -2.139 -2.585 -2.859 -4.171 -4.936 -5.085
0.0019443 -0.90000 10.00000 0.8853389621 2.4452934741    0.852  2.968  3.6055  0.774    3  0.000  0.484    31.64    20.15    13.52    10.62     8.63  2 -5.13e-09      0.00 7.359e-01 2.622e-01 3.067e-04 1.265e-04 8.449e-04 -1.000 1.891e-03 -2.651 2.228 -0.904 -2.215 -2.677 -2.960 -4.285 -5.061 -5.216
0.0019443 -0.90000 10.00000 0.8853520751 2.4452971064    0.850  3.011  3.6022  0.717    3  0.000  0.484    35.70    22.35    14.92    11.74     9.54  2 -6.06e-09      0.00 7.359e-01 2.622e-01 3.067e-04 1.265e-04 8.449e-04 -1.000 1.891e-03 -2.758 2.271 -0.949 -2.294 -2.770 -3.062 -4.398 -5.186 -5.346
0.0019443 -0.90000 10.00000 0.8853647709 2.4453006229    0.846  3.055  3.5986  0.657    3  0.000  0.484    40.48    24.88    16.53    13.03    10.59  1  -7.2e-09      0.00 7.359e-01 2.622e-01 3.067e-04 1.265e-04 8.449e-04 -1.000 1.891e-03 -2.868 2.322 -0.990 -2.371 -2.863 -3.165 -4.515 -5.315 -5.480
0.0019443 -0.90000 10.00000 0.8853757977 2.4453036771    0.843  3.096  3.5952  0.601    3  0.000  0.484    45.54    27.51    18.19    14.37    11.67  1 -8.46e-09      0.00 7.359e-01 2.622e-01 3.067e-04 1.265e-04 8.449e-04 -1.000 1.891e-03 -2.970 2.375 -1.023 -2.439 -2.948 -3.260 -4.623 -5.435 -5.605
0.0019443 -0.90000 10.00000 0.8853865266 2.4453066486    0.839  3.138  3.5918  0.543    3  0.000  0.484    51.40    30.51    20.08    15.89    12.91  1 -9.99e-09      0.00 7.359e-01 2.622e-01 3.067e-04 1.265e-04 8.449e-04 -1.000 1.891e-03 -3.076 2.426 -1.060 -2.511 -3.037 -3.359 -4.734 -5.558 -5.734
0.0019443 -0.90000 10.00000 0.8853966594 2.4453094550    0.835  3.181  3.5884  0.484    3  0.000  0.484    58.09    33.86    22.18    17.58    14.29  1 -1.18e-08      0.00 7.359e-01 2.622e-01 3.067e-04 1.265e-04 8.449e-04 -1.000 1.891e-03 -3.182 2.481 -1.091 -2.580 -3.125 -3.458 -4.846 -5.681 -5.863
0.0019443 -0.90000 10.00000 0.8854059577 2.4453120302    0.830  3.222  3.5848  0.427    3  0.000  0.484    65.54    37.54    24.47    19.43    15.79  1 -1.39e-08      0.00 7.359e-01 2.622e-01 3.067e-04 1.265e-04 8.449e-04 -1.000 1.891e-03 -3.285 2.546 -1.112 -2.642 -3.208 -3.554 -4.956 -5.802 -5.990
0.0019443 -0.90000 10.00000 0.8854144812 2.4453143908    0.825  3.262  3.5814  0.370    3  0.000  0.484    73.74    41.50    26.93    21.41    17.41  1 -1.63e-08      0.00 7.359e-01 2.622e-01 3.067e-04 1.265e-04 8.449e-04 -1.000 1.891e-03 -3.384 2.610 -1.130 -2.701 -3.288 -3.646 -5.061 -5.919 -6.113
0.0019443 -0.90000 10.00000 0.8854224682 2.4453166027    0.819  3.301  3.5780  0.315    3  0.000  0.484    82.81    45.79    29.58    23.56    19.16  1 -1.91e-08      0.00 7.359e-01 2.622e-01 3.067e-04 1.265e-04 8.449e-04 -1.000 1.891e-03 -3.481 2.669 -1.143 -2.752 -3.365 -3.736 -5.165 -6.033 -6.233
0.0019443 -0.90000 10.00000 0.8854303360 2.4453187816    0.813  3.339  3.5747  0.260    3  0.000  0.484    92.82    50.44    32.43    25.88    21.05  1 -2.24e-08      0.00 7.359e-01 2.622e-01 3.067e-04 1.266e-04 8.449e-04 -1.000 1.891e-03 -3.576 2.722 -1.154 -2.800 -3.439 -3.824 -5.266 -6.144 -6.350
0.0019443 -0.90000 10.00000 0.8854321241 2.4453192768    0.811  3.346  3.5739  0.249    3  0.000  0.484    95.04    51.47    33.06    26.39    21.47  1 -2.32e-08      0.00 7.359e-01 2.622e-01 3.067e-04 1.266e-04 8.449e-04 -1.000 1.891e-03 -3.596 2.734 -1.156 -2.809 -3.453 -3.842 -5.287 -6.167 -6.374
0.0019443 -0.90000 10.00000 0.8854321241 2.4453192768    0.811  1.746  3.7232  2.446    4  0.000  0.508     0.00     0.00     0.00     0.00     0.00 -1    -1e-30      0.00 7.372e-01 2.609e-01 3.222e-04 1.097e-04 8.464e-04 -1.000 1.886e-03 0.404 2.133 0.908 0.386 0.206 0.125 -0.856 -1.280 -1.346
0.0019443 -0.90000 10.00000 0.8854975104 2.4453373828    0.811  1.761  3.7221  2.426    4  0.000  0.508     0.00     0.00     0.00     0.00     0.00 -1    -1e-30      0.00 7.372e-01 2.609e-01 3.222e-04 1.097e-04 8.464e-04 -1.000 1.886e-03 0.366 2.110 0.876 0.350 0.167 0.085 -0.898 -1.325 -1.391
0.0019443 -0.90000 10.00000 0.8855620623 2.4453552547    0.811  1.765  3.7219  2.422    4  0.000  0.508     0.00     0.00     0.00     0.00     0.00 -1    -1e-30      0.00 7.372e-01 2.609e-01 3.222e-04 1.097e-04 8.464e-04 -1.000 1.886e-03 0.358 2.104 0.869 0.341 0.159 0.076 -0.908 -1.335 -1.401
0.0019443 -0.90000 10.00000 0.8856274486 2.4453733546    0.811  1.767  3.7220  2.421    4  0.000  0.508     0.00     0.00     0.00     0.00     0.00 -1    -1e-30      0.00 7.372e-01 2.609e-01 3.222e-04 1.097e-04 8.465e-04 -1.000 1.886e-03 0.353 2.099 0.864 0.337 0.154 0.072 -0.912 -1.339 -1.405
0.0019443 -0.90000 10.00000 0.8856946826 2.4453919627    0.811  1.767  3.7223  2.421    4  0.000  0.508     0.00     0.00     0.00     0.00     0.00 -1    -1e-30      0.00 7.372e-01 2.609e-01 3.222e-04 1.097e-04 8.465e-04 -1.000 1.886e-03 0.352 2.094 0.861 0.335 0.153 0.071 -0.913 -1.339 -1.405
0.0019443 -0.90000 10.00000 0.8857620358 2.4454106006    0.812  1.767  3.7228  2.423    4  0.000  0.508     0.00     0.00     0.00     0.00     0.00 -1    -1e-30      0.00 7.372e-01 2.609e-01 3.222e-04 1.098e-04 8.465e-04 -1.000 1.886e-03 0.353 2.090 0.859 0.335 0.154 0.072 -0.910 -1.335 -1.401
0.0019443 -0.90000 10.00000 0.8858299851 2.4454294002    0.812  1.766  3.7233  2.427    4  0.000  0.508     0.00     0.00     0.00     0.00     0.00 -1    -1e-30      0.00 7.372e-01 2.609e-01 3.222e-04 1.098e-04 8.465e-04 -1.000 1.886e-03 0.355 2.086 0.858 0.336 0.156 0.076 -0.905 -1.329 -1.394
0.0019443 -0.90000 10.00000 0.8858975768 2.4454480975    0.812  1.765  3.7240  2.430    4  0.000  0.508     0.00     0.00     0.00     0.00     0.00 -1    -1e-30      0.00 7.372e-01 2.609e-01 3.222e-04 1.098e-04 8.465e-04 -1.000 1.886e-03 0.358 2.082 0.858 0.339 0.160 0.080 -0.900 -1.322 -1.387
0.0019443 -0.90000 10.00000 0.8859639764 2.4454664618    0.812  1.764  3.7246  2.434    4  0.000  0.508     0.00     0.00     0.00     0.00     0.00 -1    -1e-30      0.00 7.372e-01 2.609e-01 3.222e-04 1.098e-04 8.465e-04 -1.000 1.887e-03 0.361 2.078 0.858 0.341 0.163 0.084 -0.894 -1.315 -1.380
0.0019443 -0.90000 10.00000 0.8860294819 2.4454845758    0.812  1.763  3.7252  2.438    4  0.000  0.508     0.00     0.00     0.00     0.00     0.00 -1    -1e-30      0.00 7.372e-01 2.609e-01 3.222e-04 1.098e-04 8.465e-04 -1.000 1.887e-03 0.364 2.074 0.858 0.343 0.166 0.088 -0.889 -1.308 -1.373
0.0019443 -0.90000 10.00000 0.8860991001 2.4455038237    0.812  1.762  3.7258  2.441    4  0.000  0.508     0.00     0.00     0.00     0.00     0.00 -1    -1e-30      0.00 7.372e-01 2.609e-01 3.222e-04 1.098e-04 8.465e-04 -1.000 1.887e-03 0.366 2.071 0.857 0.345 0.169 0.092 -0.884 -1.302 -1.366
0.0019443 -0.90000 10.00000 0.8861695528 2.4455232987    0.812  1.761  3.7263  2.444    4  0.000  0.508     0.00     0.00     0.00     0.00     0.00 -1    -1e-30      0.00 7.372e-01 2.609e-01 3.221e-04 1.098e-04 8.466e-04 -1.000 1.887e-03 0.368 2.066 0.856 0.347 0.172 0.095 -0.880 -1.296 -1.360
0.0019443 -0.90000 10.00000 0.8862382174 2.4455422760    0.812  1.760  3.7269  2.447    4  0.000  0.508     0.00     0.00     0.00     0.00     0.00 -1    -1e-30      0.00 7.372e-01 2.610e-01 3.221e-04 1.098e-04 8.466e-04 -1.000 1.887e-03 0.370 2.063 0.856 0.348 0.174 0.098 -0.876 -1.290 -1.354
0.0019443 -0.90000 10.00000 0.8863055110 2.4455608712    0.812  1.759  3.7273  2.450    4  0.000  0.507     0.00     0.00     0.00     0.00     0.00 -1    -1e-30      0.00 7.372e-01 2.610e-01 3.221e-04 1.099e-04 8.466e-04 -1.000 1.887e-03 0.372 2.059 0.855 0.349 0.176 0.100 -0.872 -1.286 -1.349
0.0019443 -0.90000 10.00000 0.8863711357 2.4455790020    0.812  1.759  3.7277  2.452    4  0.000  0.507     0.00     0.00     0.00     0.00     0.00 -1    -1e-30      0.00 7.371e-01 2.610e-01 3.221e-04 1.099e-04 8.466e-04 -1.000 1.888e-03 0.373 2.055 0.854 0.349 0.177 0.102 -0.870 -1.282 -1.346
0.0019443 -0.90000 10.00000 0.8863784075 2.4455810109    0.812  1.759  3.7278  2.452    4  0.000  0.507     0.00     0.00     0.00     0.00     0.00 -1    -1e-30      0.00 7.371e-01 2.610e-01 3.221e-04 1.099e-04 8.466e-04 -1.000 1.888e-03 0.373 2.055 0.853 0.349 0.177 0.102 -0.870 -1.282 -1.345
0.0019443 -0.90000 10.00000 0.8864365816 2.4455970804    0.812  1.759  3.7281  2.453    4  0.000  0.507     0.00     0.00     0.00     0.00     0.00 -1    -1e-30      0.00 7.371e-01 2.610e-01 3.221e-04 1.099e-04 8.466e-04 -1.000 1.888e-03 0.373 2.052 0.852 0.349 0.177 0.103 -0.868 -1.280 -1.343
0.0019443 -0.90000 10.00000 0.8865063787 2.4456163573    0.812  1.759  3.7283  2.454    4  0.000  0.507     0.00     0.00     0.00     0.00     0.00 -1    -1e-30      0.00 7.371e-01 2.610e-01 3.221e-04 1.099e-04 8.466e-04 -1.000 1.888e-03 0.373 2.049 0.851 0.349 0.177 0.103 -0.867 -1.278 -1.341
0.0019443 -0.90000 10.00000 0.8865734935 2.4456348902    0.812  1.759  3.7285  2.455    4  0.000  0.507     0.00     0.00     0.00     0.00     0.00 -1    -1e-30      0.00 7.371e-01 2.610e-01 3.221e-04 1.099e-04 8.466e-04 -1.000 1.888e-03 0.372 2.046 0.849 0.348 0.177 0.103 -0.867 -1.278 -1.341
0.0019443 -0.90000 10.00000 0.8866400123 2.4456532553    0.812  1.760  3.7287  2.455    4  0.000  0.507     0.00     0.00     0.00     0.00     0.00 -1    -1e-30      0.00 7.371e-01 2.610e-01 3.221e-04 1.099e-04 8.466e-04 -1.000 1.888e-03 0.371 2.044 0.847 0.346 0.175 0.102 -0.868 -1.278 -1.341
0.0019443 -0.90000 10.00000 0.8867110610 2.4456728675    0.813  1.761  3.7287  2.454    4  0.000  0.507     0.00     0.00     0.00     0.00     0.00 -1    -1e-30      0.00 7.371e-01 2.610e-01 3.221e-04 1.099e-04 8.466e-04 -1.000 1.888e-03 0.368 2.041 0.844 0.344 0.173 0.099 -0.870 -1.280 -1.343
0.0019443 -0.90000 10.00000 0.8867807388 2.4456920978    0.813  1.762  3.7286  2.452    4  0.000  0.507     0.00     0.00     0.00     0.00     0.00 -1    -1e-30      0.00 7.371e-01 2.610e-01 3.221e-04 1.099e-04 8.467e-04 -1.000 1.888e-03 0.365 2.038 0.841 0.341 0.170 0.096 -0.874 -1.284 -1.347
0.0019443 -0.90000 10.00000 0.8868531585 2.4457120811    0.813  1.764  3.7285  2.450    4  0.000  0.507     0.00     0.00     0.00     0.00     0.00 -1    -1e-30      0.00 7.371e-01 2.610e-01 3.221e-04 1.100e-04 8.467e-04 -1.000 1.889e-03 0.360 2.036 0.838 0.336 0.165 0.091 -0.879 -1.290 -1.353
0.0019443 -0.90000 10.00000 0.8868600726 2.4457139888    0.813  1.764  3.7284  2.450    4  0.000  0.507     0.00     0.00     0.00     0.00     0.00 -1    -1e-30      0.00 7.371e-01 2.610e-01 3.221e-04 1.100e-04 8.467e-04 -1.000 1.889e-03 0.360 2.036 0.837 0.336 0.164 0.090 -0.880 -1.290 -1.353
0.0019443 -0.90000 10.00000 0.8869183064 2.4457300547    0.813  1.766  3.7282  2.447    4  0.000  0.507     0.00     0.00     0.00     0.00     0.00 -1    -1e-30      0.00 7.371e-01 2.610e-01 3.221e-04 1.100e-04 8.467e-04 -1.000 1.889e-03 0.355 2.034 0.833 0.331 0.159 0.085 -0.885 -1.296 -1.360
0.0019443 -0.90000 10.00000 0.8869847059 2.4457483705    0.813  1.769  3.7279  2.443    4  0.000  0.507     0.00     0.00     0.00     0.00     0.00 -1    -1e-30      0.00 7.371e-01 2.610e-01 3.221e-04 1.100e-04 8.467e-04 -1.000 1.889e-03 0.349 2.031 0.829 0.325 0.153 0.078 -0.893 -1.305 -1.369
0.0019443 -0.90000 10.00000 0.8870478868 2.4457657955    0.813  1.771  3.7275  2.439    4  0.000  0.507     0.00     0.00     0.00     0.00     0.00 -1    -1e-30      0.00 7.371e-01 2.610e-01 3.221e-04 1.100e-04 8.467e-04 -1.000 1.889e-03 0.342 2.029 0.824 0.319 0.146 0.070 -0.902 -1.315 -1.378
0.0019443 -0.90000 10.00000 0.8871107697 2.4457831355    0.813  1.774  3.7270  2.434    4  0.000  0.507     0.00     0.00     0.00     0.00     0.00 -1    -1e-30      0.00 7.371e-01 2.610e-01 3.221e-04 1.100e-04 8.467e-04 -1.000 1.889e-03 0.334 2.026 0.818 0.311 0.137 0.061 -0.912 -1.326 -1.389
0.0019443 -0.90000 10.00000 0.8871744871 2.4458007027    0.813  1.779  3.7264  2.427    4  0.000  0.507     0.00     0.00     0.00     0.00     0.00 -1    -1e-30      0.00 7.371e-01 2.610e-01 3.221e-04 1.100e-04 8.467e-04 -1.000 1.889e-03 0.323 2.023 0.811 0.301 0.127 0.050 -0.924 -1.340 -1.404
0.0019443 -0.90000 10.00000 0.8872374296 2.4458180534    0.813  1.783  3.7257  2.420    4  0.000  0.507     0.00     0.00     0.00     0.00     0.00 -1    -1e-30      0.00 7.371e-01 2.610e-01 3.221e-04 1.100e-04 8.467e-04 -1.000 1.889e-03 0.313 2.020 0.804 0.291 0.115 0.038 -0.938 -1.355 -1.419
0.0019443 -0.90000 10.00000 0.8872999549 2.4458352863    0.813  1.788  3.7251  2.413    4  0.000  0.507     0.00     0.00     0.00     0.00     0.00 -1    -1e-30      0.00 7.371e-01 2.610e-01 3.221e-04 1.100e-04 8.467e-04 -1.000 1.890e-03 0.301 2.016 0.795 0.280 0.103 0.025 -0.952 -1.371 -1.436
0.0019443 -0.90000 10.00000 0.8873632550 2.4458527299    0.813  1.790  3.7248  2.410    4  0.000  0.507     0.00     0.00     0.00     0.00     0.00 -1    -1e-30      0.00 7.371e-01 2.611e-01 3.221e-04 1.100e-04 8.468e-04 -1.000 1.890e-03 0.295 2.014 0.791 0.275 0.097 0.019 -0.959 -1.379 -1.443
0.0019443 -0.90000 10.00000 0.8874320388 2.4458716814    0.813  1.797  3.7237  2.398    4  0.000  0.507     0.00     0.00     0.00     0.00     0.00 -1    -1e-30      0.00 7.370e-01 2.611e-01 3.221e-04 1.101e-04 8.468e-04 -1.000 1.890e-03 0.277 2.008 0.778 0.257 0.078 -0.002 -0.982 -1.404 -1.469
0.0019443 -0.90000 10.00000 0.8874945045 2.4458888892    0.813  1.806  3.7224  2.384    4  0.000  0.507     0.00     0.00     0.00     0.00     0.00 -1    -1e-30      0.00 7.370e-01 2.611e-01 3.220e-04 1.101e-04 8.468e-04 -1.000 1.890e-03 0.254 2.000 0.762 0.236 0.054 -0.027 -1.010 -1.436 -1.501
0.0019443 -0.90000 10.00000 0.8875589371 2.4459066359    0.813  1.823  3.7202  2.359    4  0.000  0.507     0.00     0.00     0.00     0.00     0.00 -1    -1e-30      0.00 7.370e-01 2.611e-01 3.220e-04 1.101e-04 8.468e-04 -1.000 1.890e-03 0.213 1.986 0.733 0.198 0.012 -0.073 -1.060 -1.491 -1.558
0.0019443 -0.90000 10.00000 0.8876220584 2.4459240186    0.814  1.851  3.7165  2.315    4  0.000  0.507     0.00     0.00     0.00     0.00     0.00 -1    -1e-30      0.00 7.370e-01 2.611e-01 3.220e-04 1.101e-04 8.468e-04 -1.000 1.890e-03 0.141 1.963 0.681 0.130 -0.062 -0.151 -1.147 -1.589 -1.657
0.0019443 -0.90000 10.00000 0.8876657486 2.4459360486    0.814  1.888  3.7120  2.260    4  0.000  0.507     0.00     0.00     0.00     0.00     0.00 -1    -1e-30      0.00 7.370e-01 2.611e-01 3.220e-04 1.101e-04 8.468e-04 -1.000 1.890e-03 0.050 1.931 0.615 0.045 -0.155 -0.251 -1.258 -1.711 -1.781
0.0019443 -0.90000 10.00000 0.8876865506 2.4459417759    0.814  1.926  3.7075  2.205    4  0.000  0.507     0.00     0.00     0.00     0.00     0.00 -1    -1e-30      0.00 7.370e-01 2.611e-01 3.220e-04 1.101e-04 8.468e-04 -1.000 1.890e-03 -0.044 1.899 0.548 -0.042 -0.250 -0.352 -1.369 -1.835 -1.907
0.0019443 -0.90000 10.00000 0.8876963854 2.4459444835    0.814  1.965  3.7030  2.147    4  0.000  0.507     0.00     0.00     0.00     0.00     0.00 -1    -1e-30      0.00 7.370e-01 2.611e-01 3.220e-04 1.101e-04 8.468e-04 -1.000 1.890e-03 -0.143 1.866 0.477 -0.133 -0.350 -0.458 -1.486 -1.964 -2.038
0.0019443 -0.90000 10.00000 0.8877007365 2.4459456814    0.814  2.004  3.6987  2.091    4  0.000  0.507     0.00     0.00     0.00     0.00     0.00 -1    -1e-30      0.00 7.370e-01 2.611e-01 3.220e-04 1.101e-04 8.468e-04 -1.000 1.890e-03 -0.241 1.832 0.406 -0.223 -0.448 -0.562 -1.599 -2.090 -2.166
0.0019443 -0.90000 10.00000 0.8877029419 2.4459462886    0.814  2.041  3.6949  2.039    4  0.000  0.507     0.00     0.00     0.00     0.00     0.00 -1    -1e-30      0.00 7.370e-01 2.611e-01 3.220e-04 1.101e-04 8.468e-04 -1.000 1.890e-03 -0.333 1.801 0.340 -0.307 -0.539 -0.659 -1.706 -2.208 -2.285
0.0019443 -0.90000 10.00000 0.8877040744 2.4459466004    0.814  2.069  3.6920  1.999    7  0.000  0.507     0.00     0.00     0.00     0.00     0.00 -1 -9.14e-10      0.00 7.370e-01 2.594e-01 3.220e-04 1.101e-04 8.468e-04 -1.000 3.531e-03 -0.403 1.776 0.289 -0.371 -0.609 -0.733 -1.787 -2.297 -2.376
0.0019443 -0.90000 10.00000 0.8877043128 2.4459466660    0.814  2.076  3.6914  1.990    7  0.000  0.507     0.00     0.00     0.00     0.00     0.00 -1 -9.47e-10      0.00 7.370e-01 2.594e-01 3.220e-04 1.101e-04 8.468e-04 -1.000 3.531e-03 -0.419 1.771 0.277 -0.386 -0.625 -0.750 -1.805 -2.318 -2.396
0.0019443 -0.90000 10.00000 0.8877056241 2.4459470270    0.814  2.122  3.6870  1.926    7  0.000  0.507     0.00     0.00     0.00     0.00     0.00 -1 -1.24e-09      0.00 7.370e-01 2.594e-01 3.220e-04 1.101e-04 8.468e-04 -1.000 3.531e-03 -0.536 1.738 0.193 -0.492 -0.739 -0.871 -1.938 -2.465 -2.545
0.0019443 -0.90000 10.00000 0.8877068758 2.4459473716    0.813  2.161  3.6834  1.872    7  0.000  0.507     0.00     0.00     0.00     0.00     0.00 -1 -1.54e-09      0.00 7.370e-01 2.594e-01 3.220e-04 1.101e-04 8.468e-04 -1.000 3.531e-03 -0.634 1.720 0.124 -0.583 -0.836 -0.973 -2.050 -2.588 -2.670
0.0019443 -0.90000 10.00000 0.8877097964 2.4459481757    0.813  2.185  3.6813  1.840    7  0.000  0.507     0.00     0.00     0.00     0.00     0.00 -1 -1.76e-09      0.00 7.370e-01 2.594e-01 3.220e-04 1.101e-04 8.468e-04 -1.000 3.531e-03 -0.693 1.712 0.082 -0.639 -0.896 -1.035 -2.118 -2.661 -2.743
0.0019443 -0.90000 10.00000 0.8877137303 2.4459492587    0.813  2.150  3.6845  1.888    7  0.000  0.507     0.00     0.00     0.00     0.00     0.00 -1 -1.46e-09      0.00 7.370e-01 2.594e-01 3.220e-04 1.101e-04 8.468e-04 -1.000 3.531e-03 -0.606 1.722 0.143 -0.557 -0.809 -0.944 -2.018 -2.553 -2.634
0.0019443 -0.90000 10.00000 0.8877547383 2.4459605474    0.811  2.161  3.6835  1.872    7  0.000  0.507     0.00     0.00     0.00     0.00     0.00 -1 -1.55e-09      0.00 7.370e-01 2.595e-01 3.220e-04 1.101e-04 8.468e-04 -1.000 3.531e-03 -0.631 1.721 0.126 -0.581 -0.834 -0.971 -2.048 -2.585 -2.667
0.0019443 -0.90000 10.00000 0.8877822161 2.4459681109    0.809  2.204  3.6794  1.812    7  0.000  0.507     0.00     0.00     0.00     0.00     0.00 -1 -1.99e-09      0.00 7.370e-01 2.595e-01 3.220e-04 1.101e-04 8.468e-04 -1.000 3.531e-03 -0.739 1.712 0.052 -0.683 -0.943 -1.084 -2.172 -2.720 -2.803
0.0019443 -0.90000 10.00000 0.8877992034 2.4459727866    0.808  2.241  3.6759  1.760    7  0.000  0.507     0.00     0.00     0.00     0.00     0.00 -1 -2.46e-09      0.00 7.370e-01 2.595e-01 3.220e-04 1.101e-04 8.468e-04 -1.000 3.531e-03 -0.833 1.709 -0.010 -0.771 -1.036 -1.182 -2.279 -2.835 -2.920
0.0019443 -0.90000 10.00000 0.8878150582 2.4459771503    0.806  2.277  3.6725  1.709    7  0.000  0.507     0.00     0.00     0.00     0.00     0.00 -1 -3.01e-09      0.00 7.370e-01 2.595e-01 3.220e-04 1.101e-04 8.468e-04 -1.000 3.531e-03 -0.924 1.708 -0.069 -0.856 -1.127 -1.277 -2.383 -2.946 -3.033
0.0019443 -0.90000 10.00000 0.8878329992 2.4459820880    0.804  2.316  3.6691  1.655    7  0.000  0.507     0.00     0.00     0.00     0.00     0.00 -1 -3.81e-09      0.00 7.370e-01 2.595e-01 3.220e-04 1.101e-04 8.468e-04 -1.000 3.531e-03 -1.020 1.706 -0.132 -0.946 -1.223 -1.377 -2.492 -3.064 -3.152
0.0019443 -0.90000 10.00000 0.8878495693 2.4459866482    0.801  2.355  3.6656  1.601    7  0.000  0.507     0.00     0.00     0.00     0.00     0.00 -1 -4.76e-09      0.00 7.370e-01 2.595e-01 3.220e-04 1.101e-04 8.468e-04 -1.000 3.530e-03 -1.118 1.710 -0.193 -1.035 -1.318 -1.478 -2.602 -3.182 -3.273
0.0019443 -0.90000 10.00000 0.8878645897 2.4459907817    0.798  2.394  3.6621  1.546    7  0.000  0.507     0.00     0.00     0.00     0.00     0.00 -1 -5.92e-09      0.00 7.370e-01 2.595e-01 3.220e-04 1.101e-04 8.468e-04 -1.000 3.529e-03 -1.216 1.717 -0.253 -1.124 -1.413 -1.577 -2.712 -3.300 -3.394
0.0019443 -0.90000 10.00000 0.8878781199 2.4459945050    0.795  2.433  3.6586  1.491    7  0.000  0.507     0.00     0.00     0.00     0.00     0.00 -1 -7.47e-09      0.00 7.370e-01 2.595e-01 3.220e-04 1.102e-04 8.468e-04 -1.000 3.474e-03 -1.314 1.728 -0.312 -1.212 -1.507 -1.676 -2.822 -3.418 -3.514
0.0019443 -0.90000 10.00000 0.8878905177 2.4459979166    0.791  2.473  3.6552  1.436    7  0.000  0.507     0.00     0.00     0.00     0.00     0.00 -1 -9.35e-09      0.00 7.370e-01 2.595e-01 3.219e-04 1.102e-04 8.468e-04 -1.000 3.458e-03 -1.412 1.738 -0.370 -1.295 -1.599 -1.774 -2.931 -3.537 -3.637
0.0019443 -0.90000 10.00000 0.8879016042 2.4460009672    0.786  2.512  3.6517  1.381    7  0.000  0.507     8.58     6.60     4.64     3.60     2.91  3 -1.16e-08      0.00 7.370e-01 2.595e-01 3.217e-04 1.103e-04 8.468e-04 -1.000 3.453e-03 -1.510 1.747 -0.426 -1.377 -1.689 -1.871 -3.039 -3.656 -3.759
0.0019443 -0.90000 10.00000 0.8879115582 2.4460037062    0.782  2.550  3.6478  1.324    7  0.000  0.505     9.66     7.30     5.11     3.97     3.21  3 -1.45e-08      0.00 7.370e-01 2.596e-01 3.209e-04 1.107e-04 8.468e-04 -1.000 3.431e-03 -1.605 1.772 -0.475 -1.453 -1.776 -1.965 -3.146 -3.775 -3.882
0.0019443 -0.90000 10.00000 0.8879162669 2.4460050018    0.779  2.569  3.6454  1.294    7  0.000  0.504    10.29     7.70     5.38     4.19     3.39  3 -1.62e-08      0.00 7.370e-01 2.596e-01 3.203e-04 1.112e-04 8.469e-04 -1.000 3.426e-03 -1.654 1.798 -0.494 -1.489 -1.818 -2.012 -3.200 -3.838 -3.947
0.0019443 -0.90000 10.00000 0.8879250288 2.4460074126    0.773  2.607  3.6413  1.236    7  0.000  0.501    11.60     8.53     5.94     4.62     3.74  3 -2.04e-08      0.00 7.370e-01 2.596e-01 3.179e-04 1.134e-04 8.469e-04 -1.000 3.363e-03 -1.748 1.832 -0.538 -1.562 -1.902 -2.104 -3.306 -3.957 -4.070
0.0019443 -0.90000 10.00000 0.8879333138 2.4460096922    0.766  2.646  3.6332  1.161    7  0.000  0.495    13.57     9.75     6.74     5.26     4.26  2 -2.59e-08      0.00 7.370e-01 2.596e-01 3.146e-04 1.172e-04 8.469e-04 -1.000 3.357e-03 -1.845 1.975 -0.534 -1.612 -1.975 -2.193 -3.421 -4.101 -4.222
0.0019443 -0.90000 10.00000 0.8879413009 2.4460118897    0.757  2.685  3.6298  1.104    7  0.000  0.489    15.27    10.78     7.42     5.80     4.70  2 -3.25e-08      0.00 7.370e-01 2.597e-01 3.109e-04 1.217e-04 8.469e-04 -1.000 3.350e-03 -1.942 1.997 -0.585 -1.689 -2.061 -2.287 -3.526 -4.217 -4.342
0.0019443 -0.90000 10.00000 0.8879490495 2.4460140216    0.746  2.724  3.6263  1.044    7  0.000  0.484    17.26    11.96     8.19     6.42     5.20  2 -4.15e-08      0.00 7.369e-01 2.598e-01 3.073e-04 1.260e-04 8.470e-04 -1.000 3.315e-03 -2.040 2.032 -0.630 -1.763 -2.147 -2.380 -3.632 -4.335 -4.464
0.0019443 -0.90000 10.00000 0.8879563808 2.4460160387    0.733  2.762  3.6226  0.984    7  0.000  0.479    19.53    13.28     9.05     7.10     5.76  2 -5.28e-08      0.00 7.369e-01 2.598e-01 3.043e-04 1.297e-04 8.470e-04 -1.000 3.277e-03 -2.135 2.079 -0.670 -1.833 -2.229 -2.471 -3.736 -4.451 -4.584
0.0019443 -0.90000 10.00000 0.8879633546 2.4460179573    0.717  2.801  3.6189  0.921    7  0.000  0.475    22.21    14.79    10.02     7.89     6.39  2 -6.86e-08      0.00 7.368e-01 2.599e-01 3.017e-04 1.330e-04 8.471e-04 -1.000 3.341e-03 -2.231 2.139 -0.704 -1.902 -2.313 -2.563 -3.841 -4.569 -4.706
0.0019443 -0.90000 10.00000 0.8879700899 2.4460198103    0.697  2.840  3.6153  0.854    7  0.000  0.471    25.43    16.57    11.16     8.81     7.14  1 -9.14e-08      0.00 7.367e-01 2.600e-01 2.992e-04 1.362e-04 8.471e-04 -1.000 3.325e-03 -2.331 2.203 -0.739 -1.973 -2.398 -2.657 -3.948 -4.688 -4.831
0.0019443 -0.90000 10.00000 0.8879756331 2.4460213353    0.676  2.877  3.6121  0.791    7  0.000  0.468    28.91    18.43    12.35     9.77     7.92  1 -1.19e-07      0.00 7.367e-01 2.600e-01 2.972e-04 1.386e-04 8.471e-04 -1.000 3.264e-03 -2.423 2.257 -0.773 -2.040 -2.478 -2.746 -4.048 -4.799 -4.946
0.0019443 -0.90000 10.00000 0.8879795074 2.4460224012    0.655  2.911  3.6094  0.733    7  0.000  0.465    32.50    20.30    13.53    10.74     8.70  1 -1.54e-07      0.00 7.366e-01 2.601e-01 2.957e-04 1.404e-04 8.471e-04 -1.000 3.300e-03 -2.507 2.303 -0.806 -2.102 -2.551 -2.826 -4.138 -4.898 -5.049
0.0019443 -0.90000 10.00000 0.8879827857 2.4460233031    0.634  2.943  3.6071  0.678    7  0.000  0.463    36.35    22.25    14.76    11.74     9.52  1 -1.99e-07      0.00 7.366e-01 2.601e-01 2.945e-04 1.420e-04 8.471e-04 -1.000 3.305e-03 -2.587 2.343 -0.838 -2.161 -2.621 -2.902 -4.223 -4.990 -5.145
0.0019443 -0.90000 10.00000 0.8879859447 2.4460241721    0.607  2.979  3.6053  0.615    7  0.000  0.461    41.26    24.65    16.26    12.98    10.51  1 -2.72e-07      0.00 7.366e-01 2.602e-01 2.931e-04 1.437e-04 8.470e-04 -1.000 3.255e-03 -2.678 2.364 -0.888 -2.235 -2.705 -2.992 -4.320 -5.091 -5.249
0.0019443 -0.90000 10.00000 0.8879885674 2.4460248936    0.576  3.013  3.6066  0.563    7  0.000  0.460    45.67    26.69    17.52    14.03    11.36  1 -3.72e-07      0.00 7.365e-01 2.602e-01 2.920e-04 1.450e-04 8.469e-04 -1.000 3.255e-03 -2.763 2.296 -0.977 -2.328 -2.796 -3.080 -4.405 -5.170 -5.328
0.0019443 -0.90000 10.00000 0.8879904747 2.4460254183    0.545  3.039  3.6183  0.560    7  0.000  0.458    45.53    26.46    17.36    13.92    11.27  1  -4.9e-07      0.00 7.365e-01 2.603e-01 2.913e-04 1.459e-04 8.469e-04 -1.000 3.256e-03 -2.827 1.906 -1.204 -2.483 -2.911 -3.169 -4.455 -5.173 -5.317
0.0019443 -0.90000 10.00000 0.8879913092 2.4460256479    0.516  3.050  3.6306  0.576    7  0.000  0.458    43.64    25.38    16.66    13.38    10.83  1 -5.52e-07      0.00 7.365e-01 2.603e-01 2.909e-04 1.464e-04 8.468e-04 -1.000 3.257e-03 -2.854 1.525 -1.394 -2.597 -2.987 -3.218 -4.462 -5.133 -5.264
0.0019443 -0.90000 10.00000 1.0981452465 2.4913677119    0.544 -9.999  3.6628  7.951    9  0.544  0.000     0.00     0.00     0.00     0.00     0.00 -1    -1e-30      0.00 7.239e-01 2.742e-01 2.714e-04 1.964e-04 8.632e-04 -1.000 1.919e-03 29.767 32.737 30.760 29.843 29.524 29.359 28.278 27.757 27.641
#isochrone terminated
